2305   15033.694873
1936   15036.878495
1936   15036.878495
2434   15040.939641
2143   15071.311956
383   15078.373623
1499   15085.691019
1499   15085.691019
1499   15085.691019
1499   15085.691019
830   15091.807164
2887   15097.000313
1356   15120.531563
1356   15120.531563
1356   15120.531563
1356   15120.531563
4043   15124.521574
1054   15125.211296
1054   15125.211296
3587   15134.072697
862   15144.514734
1761   15182.078843
1761   15182.078843
131   15182.117060
315   15192.042801
2734   15201.807812
1592   15204.812685
1592   15204.812685
600   15206.200648
459   15208.595359
227   15239.365694
32   15243.669016
68   15274.215139
1486   15280.479086
1486   15280.479086
1486   15280.479086
1486   15280.479086
2645   15285.051644
904   15289.212326
3709   15315.364572
370   15325.037176
1414   15325.576944
1414   15325.576944
1414   15325.576944
1414   15325.576944
684   15342.336354
2761   15344.240058
884   15349.536771
1171   15351.069919
1171   15351.069919
2287   15369.252535
3688   15373.976169
876   15375.339167
1329   15376.186759
1329   15376.186759
1329   15376.186759
1329   15376.186759
498   15406.711134
119   15408.772812
3759   15419.424329
1939   15432.749178
1939   15432.749178
1109   15433.913981
1109   15433.913981
3220   15434.719109
1635   15445.663530
1635   15445.663530
2022   15446.330394
2022   15446.330394
1775   15459.892326
1775   15459.892326
1520   15472.973380
1520   15472.973380
1520   15472.973380
1520   15472.973380
2518   15476.948819
2913   15487.395556
1286   15498.080243
1286   15498.080243
1286   15498.080243
1286   15498.080243
919   15501.051030
3417   15502.501250
239   15526.478981
1735   15538.203657
1735   15538.203657
1900   15542.393299
1900   15542.393299
2137   15555.665949
3775   15556.383414
2512   15582.434977
2288   15601.871910
3877   15604.598507
524   15619.438333
609   15624.890463
1562   15646.143692
1600   15645.410995
1562   15646.143692
1600   15645.410995
2104   15648.147002
2053   15651.590081
3339   15659.120231
2177   15662.992326
2450   15669.704375
1723   15681.829954
1723   15681.829954
3219   15683.434213
3888   15689.803137
1013   15693.913935
3157   15704.165312
1500   15713.384352
1500   15713.384352
1500   15713.384352
1500   15713.384352
151   15720.868704
2068   15728.545995
3487   15738.122095
3990   15748.381968
444   15767.427720
1355   15769.353715
1355   15769.353715
1355   15769.353715
1355   15769.353715
56   15823.767118
1418   15829.212176
1418   15829.212176
1418   15829.212176
1418   15829.212176
3863   15829.405706
741   15831.237419
28   15839.029965
1138   15868.181863
1138   15868.181863
3043   15876.521840
2449   15920.807812
1309   15926.658692
1309   15926.658692
1309   15926.658692
1309   15926.658692
3021   15942.616632
3828   15957.611377
2843   15973.284595
2546   15976.522847
3318   15978.246771
3876   15982.812859
3803   15991.458993
3682   16000.673542
590   16002.780822
3458   16008.683935
4035   16034.966157
3333   16037.952176
3266   16058.413565
159   16060.752153
1895   16062.422269
1895   16062.422269
591   16124.914676
2722   16139.610995
1217   16173.350139
1217   16173.350139
2532   16184.069456
3064   16198.664248
3129   16202.661042
1612   16223.001539
1612   16223.001539
3628   16223.599896
1606   16228.944074
1606   16228.944074
2599   16232.560579
880   16242.708067
201   16259.704213
1238   16283.677558
1238   16283.677558
1916   16286.204340
1916   16286.204340
752   16287.221690
3182   16303.670637
1022   16305.888333
1203   16343.795324
1203   16343.795324
2945   16364.453727
3319   16393.292049
1903   16394.643414
1903   16394.643414
2269   16401.754502
2926   16426.916273
3466   16434.030868
3837   16501.668021
1354   16515.879525
1354   16515.879525
1354   16515.879525
1354   16515.879525
2723   16529.500023
668   16545.120810
973   16548.212894
634   16556.433356
2875   16559.214086
1774   16568.897269
1774   16568.897269
4065   16583.931736
321   16589.454132
1056   16593.839954
1056   16593.839954
3683   16613.885127
3583   16617.851771
3475   16633.673762
2608   16639.314514
3879   16645.655625
1952   16657.861701
1952   16657.861701
189   16658.776725
499   16665.531146
1196   16674.475810
1196   16674.475810
2147   16692.972928
3434   16701.638183
2037   16705.232859
2037   16705.232859
125   16705.674803
2421   16711.315683
3514   16749.844248
2276   16766.341759
170   16775.294676
1442   16783.362894
1442   16783.362894
1442   16783.362894
1442   16783.362894
2282   16790.979687
1451   16792.704502
1451   16792.704502
1451   16792.704502
1451   16792.704502
224   16802.655093
1917   16812.448646
1917   16812.448646
3406   16820.334062
1244   16824.592407
1244   16824.592407
2852   16878.675301
2703   16880.584086
3227   16880.883345
960   16908.355810
585   16913.159792
1466   16926.309618
1466   16926.309618
1466   16926.309618
1466   16926.309618
694   16934.631447
2975   16935.435926
3627   16963.815544
212   16977.709039
824   16997.906528
181   17013.177292
2404   17018.556829
2961   17039.903657
761   17046.591944
3465   17047.888889
3140   17069.481921
2385   17085.338414
548   17090.693206
492   17092.944190
2501   17096.916389
2001   17107.306146
2001   17107.306146
3998   17130.921215
651   17135.225926
3130   17139.915093
3866   17151.382720
3317   17204.276875
11   17216.490845
3752   17217.473970
2763   17231.126632
1508   17237.107500
1508   17237.107500
1508   17237.107500
1508   17237.107500
1436   17241.704201
1436   17241.704201
1436   17241.704201
1436   17241.704201
3030   17246.318461
1033   17264.201481
1033   17264.201481
3532   17272.920590
1074   17292.028125
1074   17292.028125
1120   17296.466551
1120   17296.466551
142   17296.943206
513   17310.018356
2123   17338.574630
410   17340.933287
2230   17348.952338
361   17356.373009
2103   17359.143958
3085   17364.920278
3782   17372.649560
4076   17373.976227
293   17376.979641
715   17380.189225
368   17393.090845
2671   17436.373206
2265   17452.718785
3810   17461.684780
817   17464.743229
1803   17491.731748
1803   17491.731748
931   17519.244699
807   17521.806644
2992   17523.852245
3107   17535.439363
981   17543.378866
2184   17555.347465
3796   17569.629306
3456   17586.496262
2789   17589.184005
1975   17606.510289
1975   17606.510289
3104   17609.554444
1940   17611.556944
1940   17611.556944
1040   17615.543889
1040   17615.543889
2382   17625.045671
2584   17687.209803
994   17699.625208
2363   17702.764317
637   17704.160324
1826   17704.160324
1985   17708.476597
3148   17708.827674
2869   17737.628900
2354   17744.965625
1875   17757.519606
1602   17758.134630
3507   17770.652951
3360   17780.013796
4071   17790.374248
3345   17810.496308
1234   17811.992500
2953   17816.911273
2292   17821.528322
3948   17823.344664
2480   17848.858102
2891   17852.945359
2965   17855.260486
1546   17857.502002
1765   17859.733380
4022   17891.940394
3652   17899.164676
2196   17901.511493
2455   17914.019514
1137   17942.169306
2588   17942.639838
3276   17945.297963
2174   17951.747025
1047   17960.348796
2407   17960.416979
2851   17977.042350
1087   17982.985729
2032   17999.199398
3827   18009.027072
3726   18019.089306
1232   18024.061655
1207   18028.455382
3883   18037.535093
2361   18047.129097
2078   18052.124769
3313   18065.060104
1928   18068.483993
1934   18079.666725
2782   18099.201088
1397   18101.269086
1397   18101.269086
3980   18103.239826
3665   18163.075671
3788   18164.806366
3778   18183.682523
1224   18195.514398
1665   18199.055382
1690   18213.955590
1784   18239.343669
3289   18242.558183
1467   18256.267245
1467   18256.267245
1512   18256.715856
1512   18256.715856
1154   18268.429884
1660   18272.475336
3373   18311.388137
1747   18324.816238
3860   18340.533553
1476   18371.425046
1476   18371.425046
3520   18373.937164
3062   18375.837442
1984   18414.193704
2720   18416.966065
1783   18450.772373
2650   18501.696053
3128   18542.186759
3391   18546.381354
2690   18546.938947
4053   18555.754606
2484   18563.139410
1956   18566.259201
2236   18576.854433
2254   18636.016424
3178   18656.004016
3896   18670.792917
2341   18677.417292
2983   18705.739120
2161   18728.702627
4008   18730.745498
2812   18736.484618
3734   18738.455081
1332   18768.711852
1332   18768.711852
3714   18769.348981
3943   18775.847025
1570   18778.714317
2420   18788.384248
2358   18797.322685
3704   18810.722130
1533   18812.029954
1533   18812.029954
3420   18826.936285
3328   18836.528530
1041   18842.716956
1589   18843.924572
2772   18845.772118
3558   18864.307373
2816   18872.609433
1717   18875.394630
2315   18886.435741
2259   18902.842164
1044   18918.438808
2367   18920.515845
3590   18929.325648
2744   18934.629977
3199   18954.976088
1756   18964.013333
1527   18972.478947
1527   18972.478947
2172   18973.769514
1227   18976.481019
1711   18978.178519
1320   18987.961470
1320   18987.961470
3746   18996.042940
1257   18996.287002
1646   19050.395417
3444   19060.695498
2927   19071.549167
3878   19084.932141
2946   19088.029213
2656   19092.459502
2281   19096.104248
3616   19101.981863
4036   19106.742350
3535   19110.432650
2739   19125.499687
1474   19128.229236
1474   19128.229236
2541   19133.504317
2110   19135.105220
1037   19149.275023
1256   19164.478773
3666   19166.585475
1615   19171.523021
2337   19172.589780
1870   19175.822338
3118   19224.517512
2708   19226.762384
2567   19251.105012
3785   19276.996042
1077   19286.193287
2736   19300.100150
2178   19305.755046
3526   19313.887269
3985   19317.434282
1057   19351.747801
3799   19401.462697
2879   19412.557234
2433   19422.345694
3524   19422.494988
1179   19461.577407
1237   19478.692002
2817   19514.933588
3366   19518.572095
1539   19536.239039
1169   19540.590949
2830   19556.159722
3185   19565.512245
3813   19586.150787
3925   19598.588831
2731   19706.393843
1809   19720.148067
2814   19722.201782
3824   19728.224109
3521   19744.916655
3638   19747.381875
1973   19788.025475
1647   19788.733021
3725   19820.128102
1622   19833.396852
3607   19840.050220
2878   19847.747755
2316   19854.705949
1673   19858.849375
3795   19873.554815
1749   19880.205347
1782   19881.495637
2594   19916.176042
1275   19917.230174
1205   19928.051308
2156   19934.976019
3620   20021.277176
3298   20029.368970
1901   20032.929965
2271   20050.915359
3770   20056.846250
1968   20062.469167
1398   20065.988715
1398   20065.988715
2639   20120.352940
1902   20131.537755
3006   20143.875208
3661   20192.806123
2510   20200.861250
2954   20210.595972
3295   20229.379606
1644   20231.715197
2238   20237.849005
3571   20239.768322
2376   20263.714907
3384   20272.284213
1601   20309.714144
2116   20310.887951
1313   20324.834421
1313   20324.834421
3390   20341.920058
2528   20355.827384
1709   20370.263889
3400   20382.662373
2253   20423.950394
80   20455.810417
1337   20480.983634
1337   20480.983634
4088   20484.710150
31   20494.563519
1668   20498.710775
210   20526.237940
4063   20543.781910
2578   20549.760683
575   20558.628796
1817   20572.786100
987   20582.891829
1454   20595.514039
1454   20595.514039
1623   20599.187350
3631   20604.239942
3409   20604.422604
794   20608.119329
3766   20609.666597
2173   20613.464178
2526   20651.006343
781   20670.306053
3918   20680.057164
3954   20696.862176
3111   20713.878542
1569   20713.999537
688   20739.502477
3864   20742.210174
3286   20747.632801
2921   20754.744225
3842   20760.504363
2864   20763.701794
2443   20765.625023
4020   20767.761667
3996   20775.273669
2503   20777.039016
775   20778.764410
564   20793.000347
2034   20822.699468
1144   20903.094479
473   20907.169306
3340   20929.432859
3422   20929.063171
2097   20957.693600
3306   20962.469352
1661   20986.625498
331   20990.213380
2686   21013.650961
3815   21066.061551
85   21082.660208
2750   21086.337917
1806   21093.923993
2132   21114.611725
791   21138.635625
2399   21150.523785
2616   21154.497882
731   21168.065150
2776   21168.226771
1260   21178.662025
3950   21179.444780
2697   21202.589329
881   21216.162292
3470   21227.110718
4059   21244.757789
2398   21250.058958
1518   21256.322384
1518   21256.322384
1021   21276.002245
1822   21286.899653
693   21304.995856
3949   21316.780637
1378   21328.049433
1378   21328.049433
858   21330.563009
2298   21332.416192
3171   21336.264919
158   21358.416146
3903   21359.295660
3134   21374.346343
494   21392.347546
942   21402.338981
3290   21406.847280
4066   21411.115660
2633   21435.404063
2949   21436.597627
1240   21481.957338
3472   21488.248576
1   21500.829815
1528   21511.764653
1528   21511.764653
642   21513.334826
714   21518.951725
1877   21527.588322
3050   21530.431169
3626   21539.160162
759   21554.792361
1626   21557.070741
2295   21619.936134
3632   21627.556736
3669   21627.682731
1994   21639.227674
2613   21651.645405
1496   21659.336042
1496   21659.336042
657   21675.661516
3381   21677.277049
656   21681.403646
3270   21687.372234
382   21704.439155
2579   21705.554688
563   21706.279884
264   21708.852905
462   21717.437975
1383   21719.598345
1383   21719.598345
3301   21719.750741
3614   21733.053530
554   21738.877859
3610   21747.333090
534   21783.621898
1408   21795.068900
1408   21795.068900
188   21798.182269
2220   21800.566227
2669   21802.925833
2585   21806.255486
3574   21817.644248
2632   21832.269433
3194   21833.223634
2150   21853.424884
1473   21853.661655
1473   21853.661655
1864   21873.475509
1406   21877.851794
1406   21877.851794
3442   21899.586701
892   21906.817801
873   21918.677361
2416   21959.153750
599   21962.581840
2470   21993.564965
419   22003.935498
3467   22016.106389
1552   22019.904074
2583   22021.586759
3094   22029.183981
3975   22071.427037
220   22095.851470
3657   22112.359398
2412   22122.101933
1662   22133.670046
446   22137.355081
1371   22157.828310
1371   22157.828310
4033   22177.770093
1788   22178.629132
1346   22191.983437
1346   22191.983437
1719   22194.326308
3401   22227.225000
3721   22242.793356
3690   22248.464803
3993   22258.937083
1642   22275.755058
2471   22284.792361
3250   22291.528449
3874   22316.901065
1353   22328.348565
1353   22328.348565
3309   22330.429259
917   22341.986840
430   22344.636991
1125   22356.919722
2825   22366.580799
257   22367.757049
2883   22374.577037
3818   22385.055313
894   22400.320810
1097   22408.400475
3653   22412.141296
2306   22437.325289
1959   22452.779213
2880   22456.695764
480   22461.959039
3743   22464.376620
2872   22472.459907
3353   22473.558299
2076   22486.031794
94   22486.324444
3817   22491.524560
1287   22523.651204
1287   22523.651204
1529   22539.001493
1529   22539.001493
19   22585.780486
1333   22597.502778
1333   22597.502778
1176   22604.498843
871   22614.195833
2310   22616.772639
3529   22618.502049
925   22630.163090
110   22638.561632
1532   22652.532072
1532   22652.532072
153   22656.544896
1431   22687.437546
1431   22687.437546
952   22687.979213
3693   22701.334687
1261   22723.386713
968   22724.411157
3371   22725.907917
1025   22749.211863
1575   22752.760266
1249   22763.067674
18   22774.696551
3179   22775.761366
3893   22790.490093
1489   22799.732986
1489   22799.732986
3539   22805.592141
1357   22807.410891
1357   22807.410891
3397   22814.642894
887   22820.081262
757   22839.393623
790   22850.327708
2765   22862.402326
2648   22867.213588
2511   22900.682731
2821   22921.546551
3764   22930.637176
376   22943.392350
1322   22955.578403
1322   22955.578403
820   22965.139213
2429   22967.483102
4007   22992.085741
1216   23001.972431
3739   23003.830428
1428   23004.289259
1428   23004.289259
1193   23015.323067
2347   23025.814155
441   23030.449919
2070   23043.708519
1091   23070.311319
4085   23086.247731
3672   23088.253669
3183   23101.634491
3202   23109.306400
2054   23111.764051
1866   23117.387928
2598   23137.132002
1649   23172.869479
375   23188.091470
1335   23191.668843
1335   23191.668843
2909   23197.010903
2459   23217.159722
1006   23221.017650
795   23242.008113
3835   23245.854977
185   23291.421238
1437   23293.436991
1437   23293.436991
1042   23303.925984
907   23305.625313
3393   23331.939375
1918   23344.164190
1272   23353.863519
2273   23361.789745
728   23365.872037
1684   23402.920266
2467   23427.345509
3089   23429.908530
396   23438.680764
3010   23440.377650
2976   23442.058495
3341   23495.763600
1666   23498.481539
1052   23499.210162
1680   23555.275810
432   23564.746215
3711   23576.653958
1616   23585.564549
140   23625.339965
2176   23634.193079
806   23649.097523
219   23650.071817
2284   23658.892674
2828   23662.027859
405   23674.552604
1195   23683.284907
2866   23685.710579
1938   23692.833090
3110   23701.601597
602   23702.110486
2461   23702.149907
802   23738.385579
1543   23738.814329
1798   23751.899965
3684   23759.014039
537   23773.102523
1641   23776.718831
120   23782.829549
552   23799.868194
2333   23803.670301
2804   23807.414537
2537   23810.065104
169   23818.530382
2839   23849.268866
2485   23859.766852
1423   23861.832095
1423   23861.832095
1080   23862.928912
2694   23872.176944
4005   23873.003542
1485   23879.312130
1485   23879.312130
2286   23890.445127
1836   23909.069155
928   23910.812975
1924   23925.215336
3090   23925.730995
2627   23927.532199
1129   23963.804722
2164   23964.039329
1766   23966.474086
638   23967.113646
122   23986.906933
180   23996.654213
721   24008.622905
3088   24020.109514
2958   24034.063819
722   24039.597882
3074   24065.654711
3459   24079.154329
636   24105.983021
1840   24110.080150
27   24125.631308
2718   24128.426377
1703   24149.864340
532   24172.976447
893   24183.033368
2982   24199.690278
3195   24202.011539
3836   24203.523252
2977   24228.746215
922   24230.149433
2050   24255.032407
1730   24271.240926
2561   24274.227164
2848   24284.557257
2263   24296.817280
3462   24317.672975
2107   24327.422350
202   24327.777141
3615   24329.219479
3779   24343.649954
3408   24364.923796
3843   24383.097396
2438   24414.486204
3113   24421.989317
3308   24424.289734
3595   24442.393183
900   24472.389826
3101   24488.274190
1214   24514.879282
2047   24519.147083
300   24522.913738
3174   24573.054514
2676   24586.001632
1482   24588.072928
1482   24588.072928
2440   24603.011308
3923   24609.271435
277   24631.728403
2015   24638.940752
1694   24654.930046
2112   24674.568947
3375   24675.753391
505   24680.783275
700   24687.620810
2966   24707.452812
3338   24725.115556
3596   24728.512951
474   24746.310903
796   24747.328171
2213   24761.658808
2426   24763.309549
2372   24764.464329
699   24781.940127
4023   24785.601979
1609   24788.157558
2715   24789.573021
3769   24789.647211
3494   24806.480810
3546   24809.714502
3474   24813.238171
3421   24819.009398
3264   24822.243299
1593   24827.659931
3588   24846.346007
3602   24848.087072
1253   24848.852836
3802   24879.300741
3065   24880.828854
572   24881.715417
3999   24886.729803
2355   24886.948183
541   24887.636435
2303   24889.784398
128   24926.888241
2549   24945.897894
2854   24946.342581
1847   24959.830868
569   24979.219618
2221   24997.996632
1132   25002.484745
2939   25003.943542
422   25020.448750
4019   25035.177049
1760   25035.571100
167   25037.482546
1387   25057.724433
1387   25057.724433
2912   25058.618750
3482   25075.399722
352   25104.945984
3869   25108.461690
2275   25109.118738
500   25119.139606
3236   25123.160810
88   25143.466667
1741   25167.968380
2844   25169.519676
2406   25187.150521
1989   25188.165405
3177   25191.004178
1590   25195.451238
2334   25196.264479
3176   25204.396644
2067   25215.610405
2151   25224.377361
1645   25266.000949
977   25283.071782
3125   25305.491238
2740   25307.609120
1824   25313.264769
3380   25315.414387
346   25324.950590
14   25330.575880
2809   25331.895694
2401   25336.760995
516   25350.264375
3069   25350.314317
3429   25363.519525
1722   25368.234514
1781   25370.485382
2682   25386.393044
3329   25426.844618
1873   25428.835926
485   25438.882199
1584   25444.181667
4070   25446.857743
2285   25454.790938
793   25460.449757
3305   25462.147269
3399   25470.049282
2646   25472.020706
310   25475.252627
2652   25496.943241
2117   25513.627187
421   25520.175336
4074   25521.953727
172   25530.773866
2051   25551.562141
2845   25556.357650
1088   25568.545150
3455   25583.540023
2551   25589.431667
1048   25636.769884
3392   25636.934051
1258   25648.067211
3260   25655.208866
1850   25658.531192
1199   25661.275556
2538   25665.322419
3379   25669.445741
2555   25671.634780
3468   25671.771678
1471   25672.422106
1471   25672.422106
3822   25672.906134
1342   25686.519421
1342   25686.519421
2832   25690.534097
2515   25691.666273
3623   25695.955903
139   25705.520775
86   25713.196991
1886   25718.323079
2469   25726.256771
2767   25726.654213
507   25732.077477
392   25741.247917
2714   25745.431933
2660   25763.668692
1691   25766.829745
23   25772.248576
1039   25784.709942
3151   25805.758333
3025   25809.979155
3123   25814.457917
1713   25822.588762
3792   25858.660405
2769   25870.749780
3119   25872.763657
3169   25872.393009
2820   25875.466273
3038   25877.379803
2052   25885.515764
3904   25894.934306
2016   25899.366829
241   25915.654468
1421   25921.555880
1421   25921.555880
3031   25931.761215
1338   25953.303299
1338   25953.303299
885   25964.399502
2414   25965.749907
2573   25966.919097
2634   25972.452315
4093   25984.079063
1298   25987.548692
1298   25987.548692
3914   26010.871215
1962   26026.826725
1514   26030.770104
1514   26030.770104
2628   26036.956991
2591   26040.035752
2204   26045.623692
3509   26045.830856
1314   26089.285613
1314   26089.285613
238   26089.748218
3277   26094.104248
1299   26094.461354
1299   26094.461354
594   26125.800613
2678   26125.991076
1096   26137.835081
2798   26137.919028
438   26140.888889
886   26145.227523
1142   26170.399329
1923   26171.237523
2800   26203.738287
991   26222.941134
3625   26224.065023
718   26229.347292
1802   26276.781539
3037   26300.721192
1656   26323.501794
3093   26323.550243
1167   26336.105417
2248   26342.483044
2225   26354.786736
4030   26370.526204
839   26372.641435
3716   26398.094861
1295   26465.522963
1295   26465.522963
3645   26466.700949
2378   26490.312130
3385   26498.845579
3175   26502.832384
374   26510.814456
690   26525.441644
3695   26546.463750
2299   26606.100301
902   26612.954005
1837   26638.827211
4039   26641.628889
3977   26649.488345
3656   26650.406516
936   26663.731678
2120   26666.719225
3215   26667.744884
1653   26680.824664
2533   26694.786308
4000   26699.293426
1076   26700.021400
2545   26711.791829
3515   26715.332859
3853   26716.291840
603   26721.493588
2630   26738.652361
581   26742.641840
3717   26760.191759
442   26790.532951
484   26805.885394
930   26810.297998
2517   26821.176875
649   26835.249039
3857   26839.373530
2419   26874.419144
2193   26883.677037
2495   26888.037002
3196   26894.825289
3780   26946.138275
3218   26946.878727
111   26947.684826
2342   26957.864688
963   26975.113148
2900   26990.460150
2322   27000.708160
445   27005.499653
3744   27028.053924
879   27028.173831
1880   27033.295301
3045   27043.781863
980   27054.123970
2060   27060.490359
3946   27081.326794
1200   27087.030961
2733   27087.050243
703   27092.626875
3931   27092.646852
805   27093.773507
2919   27097.124213
2542   27101.512350
3703   27101.513970
2989   27101.841748
3858   27103.161215
2445   27109.083866
1140   27116.830856
1294   27116.991539
1294   27116.991539
1949   27220.497072
2396   27227.461632
3635   27236.598785
3419   27243.743426
2308   27245.906574
3604   27246.206296
75   27246.809201
1791   27274.652859
841   27277.099213
2897   27286.398530
2563   27290.804780
2990   27294.921921
2756   27308.263750
1072   27310.513333
844   27313.822928
399   27338.403704
261   27354.379549
1842   27372.095324
1251   27383.506319
207   27391.080602
4050   27401.240231
1519   27404.642801
1519   27404.642801
3046   27404.825451
2905   27408.512836
2069   27410.210116
1292   27418.066956
1292   27418.066956
2080   27422.727118
3154   27423.938692
953   27425.640324
3789   27426.305764
1995   27427.199734
2497   27449.971042
2929   27454.991366
1942   27473.949259
337   27476.589213
3870   27496.276053
2087   27508.842083
1961   27522.021134
2725   27523.814676
3924   27525.498634
127   27554.799931
3962   27555.426447
618   27556.602454
514   27569.352674
2764   27573.376285
1128   27592.068588
808   27600.448264
2665   27619.461667
3464   27630.429664
583   27654.930949
1697   27666.930058
148   27695.135532
3578   27697.552176
1121   27705.476157
3324   27717.383692
3531   27720.971030
1568   27732.170787
501   27735.442766
211   27744.261690
1384   27745.789850
1384   27745.789850
4010   27782.899595
2860   27790.685336
2898   27789.735370
3612   27798.426192
3644   27800.925046
1100   27806.472581
3453   27826.183032
126   27826.629491
2680   27830.315486
2978   27831.412986
25   27858.372373
3237   27866.446262
74   27875.948507
711   27876.957593
251   27880.669688
3777   27889.046458
528   27889.367083
971   27896.899120
1113   27901.222627
1455   27910.405451
1455   27910.405451
2520   27925.356088
1106   27928.111400
2576   27930.023079
1580   27935.007350
3057   27945.538542
2114   27953.844144
3552   27965.279606
3771   27977.201296
1889   27983.632940
2360   27989.693912
2283   28006.405752
2944   28030.021134
1035   28049.969398
145   28057.963924
93   28077.966748
1563   28091.458160
2679   28132.857130
2460   28159.955637
2928   28182.752245
379   28193.814965
1218   28225.442789
1843   28237.743681
2181   28239.181539
3500   28240.342488
461   28248.597569
2138   28257.878461
2917   28259.731389
3966   28279.429074
2525   28294.793646
1153   28308.793750
3200   28332.231134
3435   28352.702315
400   28381.758634
1572   28382.675428
825   28387.152141
2169   28387.979005
1459   28397.192743
1459   28397.192743
669   28399.801563
2025   28400.961597
1444   28407.277130
1444   28407.277130
2266   28415.113773
3481   28425.152512
1235   28432.453287
3662   28432.735532
2472   28440.512373
2803   28451.410660
3284   28462.428646
1031   28472.301678
3327   28475.551100
644   28479.596227
36   28480.340058
3919   28487.001528
2089   28487.971806
92   28494.203900
1503   28503.688322
1503   28503.688322
2959   28507.422396
866   28512.388924
3349   28547.318958
999   28575.030012
3463   28580.275475
580   28594.161296
246   28596.269815
3947   28600.215081
2582   28603.999155
1392   28611.490648
1392   28611.490648
135   28617.490382
1733   28623.193877
2730   28636.764965
2623   28641.326458
150   28651.279491
2168   28658.122801
764   28660.105127
558   28662.897153
2500   28676.040255
2088   28681.152222
415   28685.700405
2408   28687.652755
1284   28693.519896
1284   28693.519896
3233   28720.528519
3299   28724.925012
2197   28726.900937
3245   28729.885718
967   28739.076042
3283   28740.556400
691   28769.423750
2093   28781.682199
1095   28789.902095
3570   28789.994676
1245   28799.059433
701   28799.667002
1283   28803.754352
1283   28803.754352
1910   28819.917975
1636   28835.168206
271   28837.915394
1075   28843.265856
1236   28848.784387
766   28859.655509
2604   28879.605984
2916   28882.165949
2121   28908.545116
3713   28912.685868
3156   28917.330648
906   28958.987697
1389   28975.967442
1389   28975.967442
878   28976.421042
2496   28976.610961
1951   28979.463843
21   28987.359525
2717   28992.276273
748   29001.495637
3344   29005.089687
2696   29008.061528
184   29018.461146
1490   29043.855150
1490   29043.855150
175   29056.079213
3198   29073.115012
2796   29073.742766
2560   29101.964525
371   29113.507685
3659   29118.713565
1941   29138.487975
3577   29178.037442
2784   29231.205359
2432   29237.848056
2452   29261.694491
2202   29277.291956
3058   29305.808021
154   29310.608021
3197   29320.772859
3071   29335.569398
3805   29360.198669
2431   29367.984468
3710   29386.235810
2023   29403.263866
2506   29415.991690
2379   29423.798171
213   29433.097269
2625   29452.446412
2012   29454.117072
356   29464.485174
363   29470.255301
2332   29472.104850
2838   29474.718981
777   29476.226343
2198   29477.975891
449   29484.845949
4006   29487.479954
2774   29488.108773
3787   29498.466910
674   29499.089965
889   29502.986644
1270   29525.152743
2163   29531.182361
3018   29542.200833
1627   29544.907662
3763   29550.703623
1277   29566.708519
643   29573.027002
1119   29590.953426
1229   29647.268206
592   29661.527141
3959   29672.100312
1564   29677.792627
3976   29689.086910
305   29724.721019
1219   29729.959711
2255   29744.963241
1556   29745.802361
295   29773.930926
3398   29777.736123
3081   29785.672384
3213   29790.699086
89   29802.710440
209   29804.635150
3363   29807.753762
1844   29834.437650
2439   29836.235463
1804   29841.285359
102   29845.325671
3807   29876.936944
2071   29897.004468
3678   29906.365440
3312   29911.476042
2531   29929.189213
3556   29944.885185
588   29952.693912
633   29964.816354
1720   29972.817257
1718   29982.002002
2237   30013.745231
2085   30034.404178
3343   30036.067303
1262   30038.086111
2364   30043.842685
358   30094.764086
2889   30096.530926
2969   30103.170602
2029   30104.400463
1250   30104.486424
69   30130.750289
3418   30143.137500
3234   30145.582986
3303   30156.570498
2024   30162.961157
2644   30174.141065
2200   30177.805995
377   30181.555081
2362   30195.802824
828   30201.638449
2384   30213.689109
859   30251.652384
3794   30256.875741
2752   30278.582546
3106   30287.367801
267   30296.528843
2365   30300.270069
3696   30303.848056
4027   30308.179178
978   30314.422604
1402   30337.024074
1402   30337.024074
671   30359.176111
436   30363.589722
2084   30372.013970
2081   30375.422396
865   30377.899016
1276   30384.312731
3485   30386.529236
905   30430.374421
2424   30452.638785
1534   30478.916377
1534   30478.916377
2057   30483.824479
4067   30490.401562
1103   30499.248958
848   30504.203495
3567   30510.868345
1443   30538.455972
1443   30538.455972
1672   30538.634468
3528   30555.422951
2055   30567.871771
3354   30569.005197
62   30569.553981
3618   30609.384954
2340   30611.254097
1816   30616.553310
1302   30630.173275
1302   30630.173275
1919   30637.217002
226   30649.858669
3315   30651.653924
3127   30656.801701
3231   30659.409711
2962   30664.181458
1190   30676.094190
401   30683.212569
3911   30687.251979
3162   30694.249653
215   30696.179630
3928   30708.739132
2858   30721.911111
2380   30756.745093
1550   30769.987616
3322   30808.909653
236   30816.153854
679   30818.350833
520   30821.388808
2664   30826.644479
2986   30828.197882
2823   30875.879838
2746   30881.243160
587   30914.374572
1943   30945.294201
2738   30949.756146
391   30952.936644
742   30968.905058
1858   30997.228194
1728   31006.478218
940   31011.234792
1172   31016.250347
2166   31030.069792
2614   31031.704456
3314   31047.726829
2775   31050.273611
1838   31067.881505
2118   31080.944479
3885   31091.175139
1110   31095.789780
3939   31115.658125
3622   31139.737500
655   31148.488692
1980   31163.024063
3281   31174.338403
1321   31184.921319
1321   31184.921319
2038   31185.764745
2856   31210.550613
3460   31222.830775
471   31223.434468
831   31263.566563
3586   31288.160405
608   31290.211435
4052   31301.220741
2785   31340.710475
1396   31342.394769
1396   31342.394769
1793   31377.978484
3361   31381.784201
1800   31382.892245
355   31395.988681
2261   31400.208947
3321   31404.402303
1450   31450.486308
1450   31450.486308
1360   31451.505787
1360   31451.505787
1365   31464.342211
1365   31464.342211
762   31480.279398
768   31481.315220
1771   31482.652338
280   31486.802465
1368   31488.760822
35   31501.009120
3251   31505.041516
1714   31506.906053
3059   31506.987616
3945   31509.541331
2780   31517.015336
782   31524.100856
3636   31525.879850
1685   31538.548032
2454   31547.222778
3501   31550.961539
3132   31554.882697
4040   31582.333090
3364   31605.058553
1835   31613.492060
4096   31617.396424
1773   31640.974896
997   31675.345289
230   31686.404826
1558   31710.455255
2663   31710.482581
736   31713.975486
3702   31722.395590
3022   31725.340984
1291   31729.981898
3269   31739.170440
2075   31768.268507
204   31776.980764
1312   31792.899954
3553   31823.660463
2695   31824.398819
785   31858.195891
1913   31870.445556
3689   31870.865451
1659   31873.500694
2773   31876.925359
447   31883.460069
2797   31893.773553
2651   31905.862940
697   31907.174282
3079   31916.574907
2685   31926.983738
42   31932.315289
1779   31954.565058
724   31957.213403
244   31973.071991
970   31980.383171
3542   32005.981505
3184   32020.904444
2453   32024.362917
1506   32026.548715
2441   32039.587269
2611   32048.903113
4016   32054.741447
1731   32071.414468
2462   32098.986667
3489   32110.853843
751   32118.427986
3781   32130.720949
2507   32149.055648
381   32152.074109
2684   32184.221412
3342   32200.362685
2942   32206.801377
3851   32212.385243
3253   32213.399803
1764   32213.455370
298   32222.283692
1407   32252.592164
2622   32253.228438
2657   32287.771528
976   32289.561169
882   32297.508438
1373   32300.926134
3097   32302.784039
2493   32314.163299
2302   32344.676227
1754   32361.503819
3601   32381.306481
2564   32395.423819
3161   32436.190556
597   32443.138438
3452   32478.890162
1965   32480.040532
427   32482.499491
2109   32487.114167
943   32491.868877
891   32513.540833
3533   32526.082361
3077   32526.540637
333   32535.953715
2000   32575.121262
1737   32577.162697
3536   32578.336806
1446   32591.924167
2350   32600.010127
3282   32600.853947
1715   32626.537639
2705   32630.238194
3715   32675.862419
2311   32680.375428
3525   32699.186424
1014   32717.436956
1772   32749.587813
1458   32752.262685
3217   32752.818275
2569   32757.177199
1517   32757.433241
1814   32758.442882
3365   32789.762662
3673   32813.380185
1887   32820.748183
112   32822.287535
426   32845.797222
2105   32851.389039
992   32855.720752
1670   32886.487153
1526   32899.115868
2491   32900.741678
2007   32900.853241
1318   32912.997535
733   32914.274225
3845   32957.587222
1945   32957.764005
2371   32960.299167
897   32983.001551
1005   33004.168796
1852   33026.026227
452   33037.946852
2502   33043.738727
1334   33056.301481
281   33089.424155
3357   33094.470220
20   33096.857477
1478   33098.854178
247   33119.047280
4055   33123.918333
334   33125.241100
1415   33166.105139
3772   33166.766933
1409   33183.614132
2963   33184.046667
1865   33187.845706
770   33198.768495
1505   33208.499873
872   33215.329630
2950   33218.399271
3829   33219.785185
3244   33228.483079
3061   33238.174560
109   33240.365023
4079   33241.982037
576   33245.456262
2813   33261.690741
769   33274.097384
1739   33283.545926
3033   33287.689421
3504   33297.511690
3013   33301.420208
2779   33304.159375
1583   33315.086181
1457   33321.609039
3913   33321.663681
1651   33323.639039
237   33328.024398
2896   33350.959039
2811   33361.966435
1946   33386.992650
2004   33405.045405
2498   33406.004387
324   33408.248437
1507   33422.925856
945   33449.520428
2699   33468.564745
1698   33472.134294
2535   33483.541771
898   33486.114352
1682   33488.200046
937   33497.071725
2409   33513.445775
2600   33541.668727
1829   33565.335683
504   33566.734062
2188   33569.773785
1399   33579.880972
2923   33591.473819
1743   33610.468866
197   33629.552106
1449   33645.003634
2658   33647.763414
712   33665.862211
832   33668.010417
2170   33686.950903
1597   33690.624468
3798   33696.848183
1007   33770.526910
2741   33785.557164
3491   33786.243495
3740   33830.449664
2770   33836.253229
2762   33858.855220
2629   33859.922106
2565   33879.226285
3538   33882.146562
1012   33885.284028
1307   33888.020775
240   33892.888148
616   33903.915590
738   33911.339398
60   33914.338588
1310   33922.079688
861   33924.198553
680   33929.701215
632   33930.214271
667   33945.523449
3137   33949.602037
658   33961.797164
2021   33964.268669
1374   33967.956505
216   33976.119109
3320   34016.246586
1734   34030.295243
57   34033.170521
3691   34057.157326
40   34070.900231
2201   34113.601435
650   34116.698981
3894   34122.293924
1861   34123.199120
255   34126.015694
784   34127.902708
234   34135.380185
765   34136.050683
1535   34140.338912
3395   34147.187002
1290   34158.717558
2612   34167.171238
367   34176.704421
1757   34179.115880
2786   34181.087569
248   34193.584282
3120   34203.240382
2092   34208.907188
3606   34227.302685
228   34231.697072
3068   34235.627280
3956   34238.194363
4012   34238.274514
49   34244.800301
2575   34253.141262
2226   34267.921319
750   34277.497465
1888   34280.151262
3403   34330.982558
2979   34352.629931
328   34369.768403
927   34379.187072
417   34385.080324
2314   34389.884815
1470   34394.320891
3348   34417.574352
2487   34430.387928
3223   34453.293530
2693   34456.741655
29   34459.531690
3407   34465.162130
191   34478.543148
2240   34492.323785
3368   34499.500451
385   34511.479595
2447   34521.617130
957   34534.630370
3498   34538.137176
3145   34545.063044
3146   34579.134363
2924   34592.047512
2649   34608.376273
2195   34629.315382
586   34631.832766
2422   34639.394398
3634   34656.624988
3080   34660.438368
431   34663.730683
78   34729.015382
3942   34739.673981
589   34765.354074
2444   34786.586308
2974   34794.725266
1732   34805.866620
2539   34823.864606
306   34882.324375
3965   34922.258669
258   34932.788843
3844   34950.238981
3969   34966.201863
1974   34970.372361
2158   34977.896273
2724   35050.004062
3545   35063.298067
2392   35065.374676
3098   35077.110544
3229   35082.018831
22   35086.328345
1699   35102.795787
1669   35104.297176
1815   35112.996424
2940   35126.117743
4082   35129.738565
540   35132.435810
1631   35137.932095
1726   35158.317292
2884   35164.583704
487   35165.471238
3997   35179.513241
3992   35187.089757
3383   35207.242535
4045   35220.750162
1762   35228.418125
262   35237.951690
2672   35246.561412
2473   35248.325035
639   35264.666539
654   35273.913657
3640   35309.114005
3797   35312.266539
38   35322.159086
2435   35323.876632
1634   35333.993750
290   35337.322130
318   35348.259178
3757   35358.874433
3642   35363.986759
3294   35373.556690
2481   35376.482720
2186   35401.745185
420   35427.870139
3115   35432.702812
1498   35493.023947
164   35509.666875
2326   35509.809190
3296   35525.035787
3929   35525.755972
3051   35586.139086
2713   35586.916528
3149   35590.577060
1807   35604.329363
2482   35607.326921
2139   35607.794769
3543   35615.517106
464   35618.374734
2922   35655.434664
1629   35657.564271
1849   35663.471944
2829   35665.632083
2894   35669.970775
681   35670.147072
3848   35677.104954
65   35693.435405
454   35718.918738
1469   35762.885891
1359   35779.087951
1854   35786.617500
3067   35817.744792
2837   35837.910683
3641   35845.016447
1009   35855.539896
3189   35856.912581
411   35861.754155
623   35879.416273
3316   35892.155903
2522   35893.899444
1904   35920.319965
612   35930.502766
1501   35944.210961
518   35945.452940
2655   35956.778090
187   35960.090486
3431   35978.028970
2217   35986.523773
3252   35992.142558
2041   36009.839560
2918   36015.586667
3073   36020.669456
1927   36052.824850
1993   36096.917951
3891   36122.684375
477   36123.668889
1853   36125.753646
2042   36163.300220
3205   36167.636655
342   36182.378079
284   36229.774664
4062   36254.369780
3019   36254.580289
389   36255.491898
2721   36281.451157
2427   36293.841030
3971   36309.644410
3889   36314.317558
1834   36318.017211
2948   36336.489919
2701   36357.765556
1311   36361.894213
3840   36415.195312
2155   36432.166285
850   36440.420718
394   36450.952477
1464   36455.564815
3490   36488.333738
3540   36493.384664
1742   36507.818032
1410   36514.787199
61   36523.548148
3855   36563.197176
3687   36569.622894
1704   36576.040949
3865   36586.016782
3370   36586.991910
3439   36592.738461
1405   36641.967928
3376   36654.351076
1841   36676.290625
2674   36724.117836
1758   36754.287801
1448   36808.366956
2968   36852.479722
2771   36895.328322
3351   36898.132697
1933   36951.481736
2631   36984.723854
567   36991.192870
3551   36991.566713
1420   37004.361863
2091   37009.701238
1432   37024.079838
800   37036.192581
1677   37101.752153
2519   37117.887616
1380   37130.314051
329   37130.805035
949   37151.870220
364   37154.381551
2956   37167.060405
3416   37169.219074
2536   37170.857674
3701   37184.771076
809   37190.496956
3424   37218.577836
527   37237.917396
706   37249.653449
972   37253.761632
2529   37267.257292
2850   37270.983553
3272   37275.439537
3663   37280.784410
4026   37281.323148
1545   37295.695069
183   37301.771273
84   37307.874468
2249   37323.662697
3054   37324.720718
1541   37346.194676
1915   37350.469896
2716   37377.083461
1859   37378.417373
698   37378.908576
1352   37381.467697
1350   37390.473900
1664   37402.690961
2667   37408.437419
716   37422.521644
4056   37440.653183
3356   37457.727859
3027   37460.981562
3121   37483.449248
314   37503.565336
3549   37516.567384
2787   37517.478831
2793   37522.498785
732   37554.880671
2610   37555.059942
3164   37590.512060
2727   37606.635243
727   37609.911701
3572   37614.150856
2072   37645.687558
3982   37669.467315
1621   37681.300683
2402   37696.959097
3699   37745.598507
2458   37758.863507
624   37764.448380
3783   37776.479745
3020   37794.437280
344   37798.571736
3561   37805.835683
774   37847.637373
3359   37854.315694
3705   37863.976030
3938   37896.855069
522   37900.261933
308   37917.940451
2331   37919.255231
1813   37934.197269
44   37949.637222
1024   37952.011725
152   37955.828576
901   37973.554097
870   37978.096065
2028   37982.622014
2746   30881.243160
2738   30949.756146
2166   31030.069792
2614   31031.704456
3314   31047.726829
2775   31050.273611
2118   31080.944479
3885   31091.175139
3939   31115.658125
3622   31139.737500
3281   31174.338403
2856   31210.550613
3460   31222.830775
3586   31288.160405
4052   31301.220741
2785   31340.710475
3361   31381.784201
2261   31400.208947
3321   31404.402303
3251   31505.041516
3059   31506.987616
3945   31509.541331
2780   31517.015336
3636   31525.879850
2454   31547.222778
3501   31550.961539
3132   31554.882697
4040   31582.333090
3364   31605.058553
4096   31617.396424
2663   31710.482581
3702   31722.395590
3022   31725.340984
3269   31739.170440
2075   31768.268507
3553   31823.660463
2695   31824.398819
3689   31870.865451
2773   31876.925359
2797   31893.773553
2651   31905.862940
3079   31916.574907
2685   31926.983738
3542   32005.981505
3184   32020.904444
2453   32024.362917
2441   32039.587269
2611   32048.903113
4016   32054.741447
2462   32098.986667
3489   32110.853843
3781   32130.720949
2507   32149.055648
2684   32184.221412
3342   32200.362685
2942   32206.801377
3851   32212.385243
3253   32213.399803
2622   32253.228438
2657   32287.771528
3097   32302.784039
2493   32314.163299
2302   32344.676227
3601   32381.306481
2564   32395.423819
3161   32436.190556
3452   32478.890162
2109   32487.114167
3533   32526.082361
3077   32526.540637
3536   32578.336806
2350   32600.010127
3282   32600.853947
2705   32630.238194
3715   32675.862419
2311   32680.375428
3525   32699.186424
3217   32752.818275
2569   32757.177199
3365   32789.762662
3673   32813.380185
2105   32851.389039
2491   32900.741678
3845   32957.587222
2371   32960.299167
2502   33043.738727
3357   33094.470220
4055   33123.918333
3772   33166.766933
2963   33184.046667
2950   33218.399271
3829   33219.785185
3244   33228.483079
3061   33238.174560
4079   33241.982037
2813   33261.690741
3033   33287.689421
3504   33297.511690
3013   33301.420208
2779   33304.159375
3913   33321.663681
2896   33350.959039
2811   33361.966435
2498   33406.004387
2699   33468.564745
1698   33472.134294
2535   33483.541771
1682   33488.200046
2409   33513.445775
2600   33541.668727
2188   33569.773785
2923   33591.473819
1743   33610.468866
2658   33647.763414
2170   33686.950903
3798   33696.848183
2741   33785.557164
3491   33786.243495
3740   33830.449664
2770   33836.253229
2762   33858.855220
2629   33859.922106
2565   33879.226285
3538   33882.146562
3137   33949.602037
3320   34016.246586
1734   34030.295243
3691   34057.157326
2201   34113.601435
3894   34122.293924
3395   34147.187002
2612   34167.171238
1757   34179.115880
2786   34181.087569
3120   34203.240382
2092   34208.907188
3606   34227.302685
3068   34235.627280
3956   34238.194363
4012   34238.274514
2575   34253.141262
2226   34267.921319
3403   34330.982558
2979   34352.629931
2314   34389.884815
3348   34417.574352
2487   34430.387928
3223   34453.293530
2693   34456.741655
3407   34465.162130
2240   34492.323785
3368   34499.500451
2447   34521.617130
3498   34538.137176
3145   34545.063044
3146   34579.134363
2924   34592.047512
2649   34608.376273
2195   34629.315382
2422   34639.394398
3634   34656.624988
3080   34660.438368
3942   34739.673981
2444   34786.586308
2974   34794.725266
1732   34805.866620
2539   34823.864606
3965   34922.258669
3844   34950.238981
3969   34966.201863
2158   34977.896273
2724   35050.004062
3545   35063.298067
2392   35065.374676
3098   35077.110544
3229   35082.018831
1699   35102.795787
1669   35104.297176
2940   35126.117743
4082   35129.738565
1726   35158.317292
2884   35164.583704
3997   35179.513241
3992   35187.089757
3383   35207.242535
4045   35220.750162
1762   35228.418125
2672   35246.561412
2473   35248.325035
3640   35309.114005
3797   35312.266539
2435   35323.876632
3757   35358.874433
3642   35363.986759
3294   35373.556690
2481   35376.482720
2186   35401.745185
3115   35432.702812
2326   35509.809190
3296   35525.035787
3929   35525.755972
3051   35586.139086
2713   35586.916528
3149   35590.577060
2482   35607.326921
2139   35607.794769
3543   35615.517106
2922   35655.434664
2829   35665.632083
2894   35669.970775
3848   35677.104954
3067   35817.744792
2837   35837.910683
3641   35845.016447
3189   35856.912581
3316   35892.155903
2522   35893.899444
2655   35956.778090
3431   35978.028970
2217   35986.523773
3252   35992.142558
2918   36015.586667
3073   36020.669456
3891   36122.684375
3205   36167.636655
4062   36254.369780
3019   36254.580289
2721   36281.451157
2427   36293.841030
3971   36309.644410
3889   36314.317558
2948   36336.489919
2701   36357.765556
3840   36415.195312
2155   36432.166285
3490   36488.333738
3540   36493.384664
1742   36507.818032
3855   36563.197176
3687   36569.622894
1704   36576.040949
3865   36586.016782
3370   36586.991910
3439   36592.738461
3376   36654.351076
2674   36724.117836
1758   36754.287801
2968   36852.479722
2771   36895.328322
3351   36898.132697
2631   36984.723854
3551   36991.566713
2091   37009.701238
3621   37055.564410
3820   37056.713669
3044   37061.672477
2794   37069.384097
2320   37082.689028
1677   37101.752153
2519   37117.887616
2956   37167.060405
3416   37169.219074
2536   37170.857674
3701   37184.771076
3424   37218.577836
2529   37267.257292
2850   37270.983553
3272   37275.439537
3663   37280.784410
4026   37281.323148
2249   37323.662697
3054   37324.720718
2716   37377.083461
2667   37408.437419
4056   37440.653183
3356   37457.727859
3027   37460.981562
3121   37483.449248
3549   37516.567384
2787   37517.478831
2793   37522.498785
2610   37555.059942
3164   37590.512060
2727   37606.635243
3572   37614.150856
2072   37645.687558
3982   37669.467315
2402   37696.959097
3699   37745.598507
2458   37758.863507
3783   37776.479745
3020   37794.437280
3561   37805.835683
3359   37854.315694
3705   37863.976030
3938   37896.855069
2331   37919.255231
2211   38032.275625
3900   38069.074016
4078   38090.297674
1667   38098.601181
2260   38130.845440
2446   38148.408137
3593   38206.553866
2149   38207.511539
3440   38241.032477
1780   38349.172859
3886   38354.598137
3186   38396.142639
3933   38419.758981
3273   38481.762685
4018   38492.919213
3258   38497.333009
3048   38512.604514
2984   38580.857176
2737   38593.156053
3902   38606.486424
3355   38606.878738
3139   38618.705972
2417   38652.096840
3001   38676.114734
1707   38699.202292
2122   38722.814074
2930   38741.520509
1688   38759.746157
3952   38783.613958
2876   38789.000139
3676   38875.365799
2187   38883.151829
4013   38898.350243
2855   38939.301910
3898   38962.972130
3761   38998.994271
3242   39043.153657
2476   39043.752407
3791   39047.640764
2683   39066.849271
3660   39070.356146
2357   39094.653565
3012   39132.765972
2348   39139.215185
2297   39149.369641
3580   39172.042176
2915   39212.057257
3214   39214.600127
1679   39216.229155
2356   39229.422639
2479   39248.102604
3760   39248.559444
3832   39254.055116
3823   39319.519549
2687   39338.986030
2190   39366.565313
3221   39367.050544
2146   39378.069363
2366   39408.519317
1692   39437.161968
1706   39436.406979
3849   39449.066065
2338   39509.604306
3811   39511.620938
3288   39532.646933
3041   42086.516829
3029   42111.522743
1982   42144.896875
2045   42164.086412
2675   42167.435683
3897   42172.623218
3522   42187.279734
1789   42191.532535
3008   42193.951319
1348   42201.469028
1326   42235.107801
995   42245.016759
1427   42245.092940
4021   42249.334606
2475   42260.219282
146   42261.372951
2145   42267.662361
4044   42267.836319
888   42286.063171
1681   42293.053345
192   42303.419769
3872   42310.332025
2223   42318.681829
1906   42332.700741
854   42341.607940
948   42388.842512
1366   42389.948218
3983   42397.786863
3095   42398.809988
779   42416.507326
478   42416.549641
2951   42417.969005
50   42424.102396
1620   42429.255868
3664   42436.950174
1327   42470.474236
325   42482.044711
1881   42492.915532
1869   42547.873981
1488   42566.273669
2258   42569.516516
91   42587.870683
842   42589.033044
3358   42597.344086
725   42597.348981
941   42615.680417
3598   42620.370428
292   42634.151458
2324   42640.597199
2626   42654.711111
834   42664.668090
1325   42667.268137
614   42667.833067
1463   42669.327789
1376   42672.039213
875   42700.561551
1654   42701.366215
1828   42701.884178
435   42713.465428
2395   42737.539109
2018   42762.701481
3300   42790.345069
2988   42790.866678
1549   42793.141713
1495   42814.665347
395   42817.196007
350   42817.763206
117   42855.200764
1625   42863.656319
2035   42867.293785
2296   42873.150278
3426   42896.692095
2329   42897.612951
1790   42897.685729
1921   42914.054167
2280   42915.503657
413   42925.355000
1595   42939.614120
3428   42943.088843
330   42946.090081
3901   42973.972604
3972   42994.384352
2973   43010.558576
1468   43012.515509
2653   43068.188125
2847   43093.195174
546   43197.016655
275   43199.712593
950   43221.046562
1905   43221.312523
2618   43221.699560
938   43226.225162
1416   43231.603773
3495   43242.628438
2208   43251.665509
3173   43261.082685
242   43261.782060
550   43262.083993
1401   43263.124745
3700   43273.834410
2106   43274.015787
1515   43281.419248
2523   43285.104549
2592   43286.234583
3927   43325.232963
2040   43335.876539
3369   43343.282708
2131   43375.934873
1404   43379.280463
3141   43388.738183
2239   43403.659525
2232   43407.543090
3469   43412.187280
582   43413.608935
1663   43414.632025
3076   43441.533669
2952   43445.903125
3473   43457.914850
797   43474.091319
2747   43494.732280
696   43525.160000
653   43533.540220
1830   43545.163171
41   43545.239190
531   43553.750162
276   43556.903229
678   43560.877743
2609   43567.179074
687   43576.430162
3293   43609.443229
596   43609.998322
3126   43612.025486
4080   43614.226991
574   43627.100937
2101   43636.987558
1019   43651.615914
2802   43653.393924
3143   43679.649711
134   43686.847222
1525   43689.585185
2175   43696.414537
3751   43696.537986
3280   43712.676273
3116   43718.375845
3915   43724.673889
3039   43729.627859
771   43730.015833
646   43740.358322
2635   43764.237558
178   43771.265660
1633   43884.887581
3613   43901.314861
2267   43909.981655
1700   43914.961007
570   43970.658032
3147   43990.623530
2619   43992.697743
3617   43995.140683
1846   44038.612292
2840   44049.839109
857   44051.439352
3367   44054.386898
1794   44054.610243
116   44079.618183
9   44092.623924
2134   44118.936748
3053   44124.204005
2377   44147.105509
3238   44154.078611
2999   44157.002604
523   44170.924259
1818   44173.439410
3830   44177.098773
3973   44181.576100
1559   44188.315058
1718   29982.002002
1672   30538.634468
1728   31006.478218
1771   31482.652338
1714   31506.906053
1685   31538.548032
1773   31640.974896
1779   31954.565058
1731   32071.414468
1764   32213.455370
1754   32361.503819
1737   32577.162697
1715   32626.537639
1772   32749.587813
1670   32886.487153
1739   33283.545926
1698   33472.134294
1682   33488.200046
1743   33610.468866
1734   34030.295243
1757   34179.115880
1732   34805.866620
1699   35102.795787
1669   35104.297176
1726   35158.317292
1762   35228.418125
1742   36507.818032
1704   36576.040949
1758   36754.287801
1677   37101.752153
1667   38098.601181
1780   38349.172859
1707   38699.202292
1688   38759.746157
1679   39216.229155
1692   39437.161968
1706   39436.406979
1785   40016.912882
1786   40227.198438
1693   40565.142014
1689   40888.137500
1725   41073.717951
1755   41327.198530
1759   41901.982303
1789   42191.532535
1681   42293.053345
1790   42897.685729
1700   43914.961007
2815   44194.114213
1369   44200.032384
1872   44210.619005
3867   44211.099977
3479   44215.173102
2914   44231.918646
3833   44246.168785
288   44252.679977
1767   44253.384352
2411   44253.492870
3131   44259.505903
1832   44270.735891
1511   44276.121748
3756   44286.662546
604   44293.473032
182   44295.758727
3981   44303.616701
2464   44318.324595
2061   44333.988843
1367   44353.295174
1347   44364.657616
2964   44367.044132
1381   44368.911840
2509   44374.726319
3109   44392.324641
2330   44424.720382
3932   44438.438380
143   44442.009977
3035   44445.707292
2735   44446.744456
1768   44448.821794
3786   44465.666852
194   44484.155961
747   44503.854132
282   44518.264734
2490   44521.470787
914   44545.883704
1970   44549.532720
3243   44554.019549
3922   44555.186169
465   44566.800405
895   44568.125208
2936   44584.149456
252   44613.537477
4054   44624.820046
357   44647.682859
3362   44666.072708
3541   44678.980509
450   44696.437222
838   44701.858796
1855   44729.610822
2933   44734.720833
1462   44757.791759
3224   44762.072442
1285   44766.705394
3350   44775.101574
489   44778.424086
3335   44790.571852
2389   44795.098137
2264   44799.312627
749   44799.603229
2256   44809.444178
2415   44826.466458
3736   44856.513241
1738   44859.378657
2937   44878.652396
372   44918.849016
4064   44960.559444
2157   44965.457407
3967   44967.883299
2227   45005.564167
3964   45012.167639
1729   45016.069491
542   45028.494884
2871   45031.537211
3427   45032.299201
3262   45044.369097
2394   45060.830764
30   45080.561493
665   45082.140197
1821   45085.427755
1885   45098.103484
3816   45130.506400
2516   45138.927407
1808   45153.255243
2647   45195.955035
113   45197.158160
1925   45219.005556
1999   45244.218183
1727   45245.741481
3516   45260.568437
2601   45266.863449
675   45276.924514
3801   45279.550787
754   45285.285012
2373   45317.059618
2390   45327.253785
1894   45334.217280
1340   45336.856447
2810   45337.545023
2108   45358.939433
3263   45381.381134
3478   45409.670775
2570   45412.843333
33   45433.144815
2268   45437.620289
2031   45462.583924
3527   45464.867894
2799   45468.415162
3206   45468.720035
3639   45468.928576
833   45477.921227
2065   45503.055382
2557   45517.843924
2319   45520.533750
229   45529.968866
1472   45549.335208
3585   45562.647106
1412   45564.380995
2006   45585.559919
4095   45594.763808
1827   45606.071632
3207   45612.220706
2206   45616.431042
621   45618.910301
203   45633.867199
2391   45681.022083
147   45681.785208
311   45684.206227
1315   45703.009387
3387   45725.176250
610   45750.266400
2010   45756.728449
506   45757.159120
2318   45757.847442
705   45765.399525
3497   45799.902662
640   45819.010347
2873   45837.638623
2183   45849.726597
577   45853.719745
2971   45875.439965
3441   45875.893808
2689   45897.662269
3881   45910.182801
1931   45914.850903
3755   45915.080255
2368   45918.579988
2980   45940.772847
289   45944.249051
3009   45979.588264
1751   46003.134213
3758   46038.911435
2547   46039.409132
1324   46061.183507
340   46066.675417
708   46082.291690
3488   46119.504062
1896   46120.078669
2841   46140.643345
2893   46147.190162
47   46178.180394
2100   46189.781574
428   46244.844491
2494   46257.779340
3697   46263.352454
2901   46266.977685
2882   46270.267731
3168   46295.915984
2369   46308.670174
12   46322.217824
165   46324.201111
2325   46328.320995
1810   46331.318437
2624   46337.419606
2351   46344.880475
3592   46351.151100
3287   46360.772535
3247   46364.265162
390   46373.066285
804   46375.368773
1445   46387.514572
4091   46390.135787
2677   46395.309549
2199   46398.115093
739   46409.393704
3814   46417.389167
4002   46422.224977
1874   46428.557245
16   46439.714803
2262   46450.147593
2189   46451.528611
686   46466.572986
2853   46479.972014
1372   46513.054549
1379   46514.664653
2126   46526.182477
2589   46558.168519
823   46561.932917
3004   46566.128935
2908   46570.553137
3117   46574.690440
157   46575.269109
99   46605.070868
171   46608.770324
1361   46621.214711
2049   46635.739201
615   46654.859375
440   46674.927812
3208   46710.063715
1461   46723.424942
3377   46734.193854
3619   46747.650741
2819   46785.129398
2026   46785.951991
3753   46794.073866
2279   46805.618183
3984   46813.593981
2558   46819.223831
3566   46821.199306
273   46848.277512
2972   46851.004468
77   46854.024711
3890   46854.160336
3241   46873.577211
920   46891.882118
79   46911.533102
1907   46927.610961
3454   46935.038808
3754   46935.962025
2910   46953.275694
3698   46967.203426
903   46974.414456
529   46983.007269
954   47000.231100
2030   47006.471551
2706   47019.091354
196   47031.341505
2224   47070.078310
1531   47088.098333
2336   47099.330995
4057   47101.540185
1351   47101.861215
4075   47104.312326
3049   47107.948137
2039   47119.545856
1424   47120.147187
2436   47121.139606
1752   47128.118866
2826   47139.532743
3970   47156.234942
3192   47160.216736
2141   47186.083542
2849   47192.072627
317   47219.249606
2418   47240.231470
2998   47248.210370
3936   47248.583727
1879   47260.036701
2867   47268.307523
2457   47273.351667
3733   47281.310023
2423   47315.771470
3172   47324.613264
3484   47344.982662
2836   47355.830405
677   47359.963715
1884   47379.384931
756   47398.869988
2231   47423.544618
2868   47427.525590
1929   47448.457488
1400   47473.256898
104   47483.217280
467   47497.207350
2755   47512.889340
3940   47543.457326
1863   47562.033056
347   47567.439896
2888   47574.390093
3267   47578.766215
3122   47609.587535
3405   47645.483333
4031   47649.817303
214   47650.421782
982   47677.733542
3868   47690.131400
2180   47693.111759
174   47694.240995
2712   47701.543738
199   47706.894363
3239   47712.753194
1997   47713.165486
3108   47728.745799
3987   47733.954028
2702   47798.544931
4046   47831.642384
3443   47834.799873
1710   47845.631076
3017   47867.200683
297   47896.191620
260   47928.484479
1851   47930.660093
3382   47932.323565
39   47936.518299
2400   47938.407870
1339   47939.733056
3337   47943.598437
3742   47945.556470
682   47949.342836
3978   47951.897951
475   47993.220556
2430   47995.770012
2590   48000.727801
1686   48018.929734
1996   48020.595683
1976   48038.892847
695   48047.691852
4081   48067.091991
3372   48067.149444
851   48068.829109
1293   48085.460671
1362   48084.820972
959   48116.164988
2036   48159.109051
2090   48171.775972
3023   48185.503345
3731   48208.462106
4068   48228.467824
3963   48233.434120
3193   48268.400671
2710   48271.464942
3677   48279.454086
2692   48280.550833
1494   48288.895035
3776   48311.536875
412   48317.192986
2203   48327.107234
3451   48334.066551
2111   48353.111875
3773   48355.495961
2795   48356.776111
2077   48359.473414
479   48395.505937
3573   48438.142072
2700   48445.935081
822   48453.055914
1102   48458.299271
509   48459.242558
683   48463.541100
2938   48467.410637
2241   48473.461319
1394   48483.858380
3249   48500.246806
1883   48503.870683
3955   48510.630185
4037   48512.476875
2489   48522.853137
1819   48531.580451
223   48533.008472
2242   48547.091435
1958   48572.091597
2931   48601.862708
3630   48613.920405
2125   48641.655764
481   48643.403692
946   48669.730266
2079   48670.915625
814   48692.210833
1316   48705.166088
877   48723.067199
2245   48727.484884
2587   48731.670324
787   48732.573252
2778   48733.463299
2781   48740.936238
2704   48761.398067
2410   48762.787650
3513   48773.144850
4003   48775.126609
2154   48786.627060
2902   48787.569375
3569   48792.664398
2257   48822.907083
2294   48846.722188
1683   48849.030532
2550   48862.740451
3302   48865.446563
486   48867.577604
138   48873.722847
3203   48875.243079
2790   48895.231343
1134   48895.258600
3163   48904.650197
622   48942.055984
934   48987.550926
792   49003.294931
3856   49007.290243
662   49066.413692
1893   49095.786782
1721   49101.481262
2083   49106.202454
3728   49118.292083
272   49118.765185
3834   49132.504630
1114   49173.667141
3591   49184.104086
2957   49196.607419
3160   49199.847593
843   49249.209757
996   49253.602477
3499   49253.841586
3411   49264.516551
3222   49270.082303
1425   49292.811262
3075   49319.928831
2095   49323.339815
3159   49330.156979
136   49346.712303
58   49356.036400
269   49356.081898
1745   49375.827836
1716   49424.992778
3679   49449.669514
735   49481.861667
3741   49497.743079
407   49533.721100
1510   49547.877674
2835   49550.749850
1513   49574.396748
3103   49577.347153
1753   49578.802523
2205   49587.973044
3530   49592.901389
433   49596.885231
83   49605.965150
2753   49615.863310
707   49625.281273
2607   49643.120532
195   49655.954063
3412   49662.897859
3436   49680.095046
1288   49701.731655
2595   49701.777049
2514   49720.304757
2818   49747.836400
2216   49763.185532
1212   49763.512106
502   49771.913576
3014   49781.886366
2586   49788.096157
3032   49789.147002
3100   49802.578611
2711   49830.436771
455   49832.681412
6   49834.044329
3603   49835.315486
4028   49855.451852
3550   49873.434699
530   49889.647257
393   49896.312361
3579   49896.891493
1204   49902.435937
2842   49913.918762
3347   49922.757361
1502   49926.312870
3180   49938.186493
1856   49980.517222
2981   49994.052211
4084   50000.593009
2488   50002.720382
613   50012.312928
76   50013.121736
2808   50018.804259
231   50019.756285
243   50028.252986
2904   50044.391354
3767   50050.617303
874   50059.477431
1776   50060.800104
1101   50062.868715
2857   50067.019826
2289   50088.236528
3882   50099.693530
1300   50109.865868
3087   50121.752419
1034   50131.957488
2732   50133.916111
2179   50144.249005
628   50148.253542
2160   50153.053356
2577   50153.178461
3680   50178.058032
1403   50183.118322
3650   50211.132384
296   50212.320891
332   50225.371181
3926   50236.718414
912   50254.247095
3105   50257.845579
2668   50276.487257
2987   50285.164514
2903   50303.096875
1211   50306.153831
1926   50324.852280
1493   50325.150498
619   50332.309583
3034   50380.530220
1746   50383.389988
3279   50391.244039
423   50404.658611
2152   50422.841204
631   50436.360741
1093   50470.766887
2659   50474.785336
566   50530.661308
137   50532.545961
1151   50535.004676
1787   50535.768171
3930   50540.195590
1161   50548.516030
2596   50551.138229
786   50564.191192
4025   50566.827836
160   50595.839306
304   50596.171181
3510   50599.540139
3135   50609.377211
1878   50610.343565
2729   50610.460775
2562   50617.758472
2233   50618.956898
3386   50654.205197
472   50659.052407
2895   50670.432234
2397   50674.711771
3961   50678.869931
2997   50693.882350
2128   50702.141424
773   50724.144780
2442   50734.817812
1145   50754.827616
1674   50785.355532
3839   50793.612025
3655   50807.333090
378   50811.203194
4060   50836.837477
3862   50838.090914
3519   50850.110521
1963   50856.311505
2009   50872.957419
3210   50885.736042
52   50901.561956
2098   50923.794630
1890   50936.461817
3944   50937.464757
1248   50954.279340
2346   50972.046053
3396   50982.189873
1166   51023.444155
1509   51026.060775
190   51029.621806
468   51053.045509
1062   51061.301725
2859   51081.166759
3158   51085.027708
883   51104.366991
2019   51112.445683
2593   51130.029780
3166   51146.407106
2413   51156.561968
1209   51185.675069
1020   51189.699988
2621   51196.082674
3841   51197.054468
3394   51203.794317
1812   51215.462164
341   51238.914595
2066   51253.617755
320   51265.364178
2642   51273.949907
1417   51287.575359
3629   51326.983484
2466   51334.018252
1955   51338.651377
1957   51340.871331
235   51345.753403
1712   51347.662998
855   51354.974630
1792   51365.250046
1390   51376.422465
1687   51409.492176
408   51427.278565
4072   51429.480069
3909   51430.073669
3433   51430.124780
983   51434.737824
2468   51439.610613
2925   51463.728588
1064   51470.588565
26   51494.797488
2129   51507.151273
826   51512.896250
3859   51522.323877
1178   51525.378588
2185   51529.007465
3600   51530.626933
1429   51546.666968
3438   51557.775093
3388   51561.563380
1148   51568.392176
3712   51569.691042
155   51574.052535
547   51584.181377
301   51602.055787
67   51618.754653
598   51640.192234
2317   51643.722731
1223   51663.436134
1282   51668.857396
625   51673.562616
840   51690.278426
2130   51702.082708
801   51704.701678
3232   51718.887812
4004   51738.178484
908   51740.570162
1264   51749.199271
1123   51756.449699
353   51757.041875
351   51764.244120
4034   51776.762002
3007   51778.330544
2113   51808.021192
3150   51814.093472
926   51818.365972
3292   51826.005729
1770   51837.083981
3875   51841.182141
3685   51848.213090
3374   51854.775637
3052   51862.354954
2228   51867.824560
2556   51875.225185
2637   51878.415347
1228   51879.106400
3191   51894.307593
2027   51899.814456
2759   51928.442894
369   51928.825926
2059   51934.523056
483   51952.330694
1026   51975.536782
974   51990.622338
1377   51999.795880
256   52004.993194
740   52018.921470
2328   52024.633912
3063   52030.516898
1966   52035.386377
402   52035.939028
3667   52043.442546
3708   52053.648275
2574   52058.280764
59   52058.976400
245   52063.319468
5   52065.556042
326   52069.900301
2605   52074.822245
1930   52079.493414
2165   52102.262523
458   52107.716204
1862   52109.539120
1944   52135.856840
2548   52153.373912
3201   52156.527998
595   52165.172813
737   52167.026157
2524   52167.953704
3935   52178.754711
3188   52179.782766
1823   52206.723403
1986   52213.869861
2064   52214.298750
3686   52222.338067
993   52238.816447
1702   52243.535509
1001   52278.380972
1536   52281.376042
2935   52289.674549
81   52311.111933
939   52317.227813
2791   52317.485104
4032   52323.501655
864   52330.892384
1029   52331.299201
319   52333.591424
979   52338.303623
404   52353.649745
836   52356.742940
2335   52358.113356
3670   52362.298623
1960   52393.455104
1763   52394.041470
2002   52403.530405
1364   52404.587164
3937   52431.507546
1393   52434.759155
3968   52465.738981
3748   52465.796748
3261   52469.020544
1948   52492.675949
3654   52492.862384
3211   52501.950718
2209   52508.719803
519   52512.514444
2970   52545.291296
3804   52548.417407
373   52569.825613
780   52579.043738
2465   52598.743044
365   52598.906493
2636   52599.834815
933   52610.309965
1447   52654.226134
2603   52664.438530
1439   52687.630370
3505   52690.814074
1271   52694.096366
3768   52699.558958
225   52710.824803
2654   52719.024688
3565   52731.859838
2941   52736.809606
3016   52775.290069
909   52777.450185
2247   52835.272546
3854   52867.922442
64   52874.128484
3974   52876.430058
414   52894.632234
2920   52897.739062
890   52913.372569
3852   52923.156528
3102   52926.110370
4090   52944.178935
1208   52945.800162
1453   52965.051840
3790   52973.987257
746   53002.746296
3476   53017.429387
3138   53048.647523
3230   53056.735602
1990   53083.898576
437   53085.927917
1164   53101.348924
1701   53113.801100
2766   53126.798657
2099   53129.747500
3165   53131.637407
956   53134.140370
1811   53139.137014
3060   53139.591354
2748   53143.479711
3941   53152.098287
434   53161.447847
1382   53162.261898
3624   53174.886088
2388   53180.357558
4077   53211.911192
846   53220.917824
2554   53225.559873
1143   53236.934132
2274   53250.336377
488   53258.020023
2688   53259.710532
3112   53265.479317
641   53282.096528
1796   53287.247986
1131   53295.677164
384   53305.583449
2934   53309.893414
2124   53339.291377
663   53341.804201
2229   53384.433067
2505   53385.733669
3325   53418.587211
3091   53419.928542
3534   53443.636539
425   53470.683102
2890   53476.545058
443   53476.939016
4038   53481.852199
2044   53486.702685
3819   53489.242072
2219   53508.255532
4042   53508.864850
2167   53512.982095
3226   53524.478414
1671   53529.812049
1391   53559.243414
3750   53559.796308
988   53571.114896
1386   53575.327373
951   53630.921748
3297   53634.758264
1839   53656.282106
1676   53658.466146
1305   53664.777836
961   53675.768611
1484   53687.928519
3564   53690.198171
1150   53694.824363
3986   53743.595556
490   53745.000324
1441   53751.922778
2691   53762.418403
2749   53763.670833
3415   53775.263275
512   53800.048275
713   53827.871435
1860   53828.116424
1280   53862.320000
129   53865.613553
2014   53872.275718
1118   53875.488125
3692   53881.948727
1363   53890.142801
2572   53901.295370
1319   53908.963981
193   53917.419375
1434   53947.213912
3735   53967.956053
4029   53990.140590
2807   53995.791863
7   54000.756296
2073   54045.113345
2566   54055.168299
3544   54063.729606
2757   54073.736655
617   54105.566644
2234   54112.646435
2993   54113.058275
3745   54116.366238
3332   54137.625266
2751   54137.938148
3953   54147.318218
1475   54170.283935
3584   54176.779676
2159   54197.418090
607   54213.211887
3643   54214.091215
2886   54222.215683
1155   54222.339306
3668   54235.547616
3806   54241.811238
1696   54255.128090
565   54261.413958
263   54264.537685
495   54270.752569
1079   54274.435475
2074   54274.860729
3437   54280.911331
3155   54297.691725
3246   54306.860324
3506   54308.111655
3671   54322.685289
3070   54325.059340
627   54335.319352
1317   54350.653600
3078   54371.999201
3430   54383.665475
3447   54386.745278
2   54401.975891
1524   54424.568854
670   54448.082153
274   54453.397708
2215   54463.937674
3026   54464.919491
2312   54488.500046
3092   54504.730648
3225   54519.109873
729   54522.654884
3005   54533.296574
294   54540.247616
3142   54553.066250
3334   54554.700174
3445   54570.077465
3511   54581.748484
1908   54595.880822
162   54611.155081
3414   54611.542338
2218   54612.767500
2214   54651.010521
1522   54655.203403
1898   54656.407569
551   54676.259190
2754   54685.091644
3910   54692.100984
3212   54695.850671
2521   54701.132546
3512   54727.063426
1992   54737.864387
3921   54747.582581
133   54749.664583
2996   54754.481366
2094   54758.830938
2553   54787.503935
418   54793.436435
2641   54799.660035
1892   54847.264479
3720   54871.061470
2291   54872.624456
2792   54877.552789
3036   54883.831725
3257   54928.677176
2405   54987.741551
2082   55036.482176
1252   55036.918657
2327   55043.743056
4017   55046.382465
915   55062.036447
87   55073.305775
254   55083.041262
265   55110.097847
3575   55114.208912
1130   55160.634502
1935   55183.161285
2011   55182.547604
1748   55184.851782
1341   55193.720451
2191   55200.681574
3907   55203.148345
2222   55204.470995
2742   55206.898773
3307   55207.156377
661   55213.923877
2698   55221.196655
2235   55233.261979
3648   55233.929317
3809   55255.902338
2063   55265.950567
3304   55267.002616
2381   55273.736435
3402   55275.654456
388   55308.089641
48   55353.333160
179   55366.700926
1289   55370.802465
2246   55381.075660
1032   55398.257546
3812   55407.962176
2508   55445.921493
2662   55455.670903
1202   55470.379028
2323   55471.634641
4092   55474.228669
578   55482.161817
3432   55486.903044
87   55516.430938
254   55083.041262
265   55110.097847
661   55213.923877
388   55308.089641
48   55353.333160
179   55366.700926
578   55482.161817
557   55516.430938
1069   55520.199178
647   55524.991701
101   55588.344942
3905   55588.452234
3190   55590.988079
1426   55601.614699
1801   55615.286204
3228   55615.814340
1375   55617.762049
3958   55650.888137
1073   55666.388102
3658   55667.959873
1018   55679.280405
562   55691.413565
818   55694.096215
510   55700.404329
3268   55722.707975
3706   55732.387396
3275   55735.689340
2428   55737.059028
348   55742.545093
2806   55751.754375
3559   55785.154144
2486   55826.071308
2824   55839.815069
3518   55845.562477
2874   55853.952373
4011   55864.734421
2437   55869.071424
1480   55879.746852
1108   55884.494421
1871   55905.865451
3765   55909.863553
2293   55926.775313
515   55940.929144
2144   55945.354097
2666   55949.630961
3850   55951.393044
1082   55956.605185
132   55964.110671
2620   55991.097731
1481   56024.963634
124   56058.784780
406   56111.522292
3800   56121.011435
1954   56166.439954
2552   56184.958218
2911   56198.015486
3144   56223.588681
3000   56240.791551
1491   56245.234884
2119   56249.090949
360   56259.186655
1971   56283.315833
1160   56287.098183
1998   56288.969745
3011   56319.572813
2403   56328.887211
3326   56353.248472
3274   56365.075914
3995   56369.611157
1197   56374.271238
303   56384.256354
1909   56393.308773
1911   56410.803310
73   56430.949074
2307   56434.077396
2127   56440.031123
1492   56446.507037
3024   56462.557986
553   56478.698067
923   56481.814410
13   56485.390961
51   56509.413206
1750   56511.855579
2827   56514.389734
869   56549.725833
1979   56560.182176
3547   56575.352350
3784   56594.492442
852   56597.116806
1045   56598.866065
1043   56617.343495
2768   56619.027384
932   56623.634525
3502   56644.042025
4061   56648.650000
3647   56649.098704
3331   56671.119178
1413   56677.888368
253   56678.953090
2777   56682.046157
3548   56682.179722
1868   56687.565532
803   56708.325289
1198   56730.045880
2581   56798.727546
1724   56803.358981
2861   56824.435671
3934   56877.263623
2300   56885.842650
3568   56895.308715
2707   56906.366505
1136   56925.048090
66   56947.933380
3254   56955.107824
286   56963.855127
2352   56973.377153
1303   56990.435995
3694   56996.991157
776   57007.237014
2210   57013.914016
2182   57032.880891
2046   57035.565012
2277   57054.317720
1023   57068.889502
1479   57073.743900
1281   57092.837951
1744   57129.590081
2304   57158.075255
998   57162.389225
4086   57181.683275
3066   57182.374178
1678   57193.025185
1098   57193.441470
2359   57214.648380
3450   57219.051227
2597   57222.071701
200   57233.306343
3892   57240.905243
4083   57242.006655
3537   57251.826053
3015   57263.134155
1950   57282.738600
2906   57290.892755
2943   57291.055845
3605   57295.210394
1695   57328.995648
1213   57346.263877
130   57361.723715
986   57362.927998
3410   57372.124039
2640   57380.796516
2805   57392.744236
105   57399.590093
1263   57410.057176
108   57418.741690
362   57427.308021
720   57453.461157
579   57496.070694
1233   57497.230741
3471   57526.666227
3957   57528.959583
3906   57533.623148
2456   57536.289711
1133   57536.477627
3707   57543.107037
526   57547.257187
755   57556.807836
1304   57576.945775
730   57580.702407
3477   57616.501238
250   57622.589421
2670   57648.965394
3055   57649.321852
3028   57668.630961
1857   57697.469919
3646   57709.589722
2960   57716.567674
1116   57724.181586
285   57728.303843
1460   57736.622685
144   57738.836863
2343   57748.677454
2499   57753.264792
3153   57763.669560
2058   57776.121562
3611   57786.914780
2463   57788.037917
1967   57797.477095
3256   57821.973600
3240   57842.086655
3589   57857.218900
156   57867.321424
3404   57868.507523
2834   57883.428310
2833   57888.096609
689   57888.140208
1708   57899.751215
1060   57907.820104
1051   57923.831447
1146   57929.230174
815   57935.007546
935   57936.941562
3960   57937.518588
4014   57946.848426
3448   57956.159896
3649   57965.282882
1483   57971.411956
1825   57974.010475
2788   57975.650150
2192   57977.403889
3056   57998.791470
1833   58001.448981
753   58001.730752
3861   58002.185312
3187   58002.448773
2474   58002.639479
4069   58017.277940
3988   58054.251134
403   58070.102280
2877   58077.736898
3979   58104.203067
1308   58146.365602
798   58169.595567
1477   58173.318345
1156   58173.389456
2492   58190.533090
1177   58214.013252
2783   58229.648958
845   58244.262836
3594   58244.309630
3255   58249.837928
1497   58252.642454
835   58254.912812
1159   58258.523657
1991   58258.834583
1530   58261.955949
929   58282.869514
3989   58285.564838
2955   58318.850648
3991   58331.297188
4058   58349.486933
1038   58386.344271
1050   58418.903692
3873   58423.465718
1115   58436.798171
1777   58447.329873
2932   58451.816748
2171   58454.532523
2638   58473.557025
3330   58474.209132
1977   58485.495579
1897   58514.191586
2133   58516.675579
2602   58519.364375
3083   58528.949063
3729   58531.085162
3608   58532.588623
2272   58574.840289
3555   58575.002384
2483   58578.772222
1003   58587.488148
107   58589.790035
3826   58618.722257
2148   58625.138866
2140   58627.551597
4048   58631.575972
2478   58658.800301
1301   58664.259259
2020   58666.218218
448   58688.981539
1225   58692.539502
710   58703.589074
493   58705.208727
726   58718.771887
327   58733.462500
3871   58748.400313
611   58754.224306
1988   58782.435961
2530   58783.904850
2643   58791.914850
3582   58803.619850
984   58818.600729
1323   58820.392616
3003   58832.895775
4049   58839.703032
819   58841.073356
1799   58845.337037
2313   58864.856817
380   58868.959039
2661   58870.862188
899   58871.931053
3609   58880.868472
2270   58916.620185
453   58916.833218
3724   58926.461065
1344   58931.043796
1222   59027.141227
3181   59036.812998
3323   59038.267940
4051   59070.709711
2862   59079.231424
3838   59086.507697
3425   59095.449028
3793   59107.512326
3259   59112.591562
1848   59130.865150
3846   59131.904086
1769   59157.538819
1078   59163.543611
3133   59168.936620
2207   59196.935046
4087   59198.377199
1388   59216.809931
2801   59221.760660
1242   59224.862731
3994   59247.452778
1452   59255.559294
3730   59257.011551
2370   59283.088565
3167   59295.506655
3285   59318.010069
177   59320.001412
1370   59337.868218
1267   59345.536528
1831   59347.314248
1937   59356.320556
1736   59356.580532
2243   59381.366227
166   59388.696840
476   59392.589606
2504   59401.998819
2278   59404.442257
1465   59468.925799
1523   59481.527014
100   59492.022326
63   59493.058032
3633   59495.758576
4094   59497.234826
1981   59517.425208
3727   59520.458067
1117   59521.735104
1296   59522.444433
3895   59558.735162
799   59560.871551
96   59573.667731
17   59588.485660
70   59599.251238
2142   59603.379653
176   59616.109317
439   59620.670035
559   59630.000231
3825   59631.623391
536   59644.025683
692   59646.767431
3496   59647.408507
1241   59683.321181
1778   59684.373831
10   59703.151042
2892   59718.952280
3291   59725.887512
3912   59728.631123
2252   59736.497002
2745   59751.156933
2136   59768.523796
3248   59771.734630
626   59772.446516
1174   59772.466713
3847   59792.128044
3719   59815.307199
3576   59818.016863
1036   59822.495058
813   59823.148345
270   59855.969225
2758   59861.100567
2345   59871.472153
673   59877.640903
620   59884.693981
3599   59885.590590
3774   59917.378762
3084   59939.583727
2448   59946.374201
3042   59954.984132
2513   59976.285694
72   59992.819988
322   60003.663125
287   60005.740116
283   60007.634676
2477   60014.004711
1845   60033.391887
3637   60033.961632
46   60074.048669
1797   60076.326481
123   60088.991424
2994   60114.822731
299   60115.693715
1173   60142.669954
1964   60164.403727
2056   60165.171759
1675   60175.522766
1705   60177.214155
2244   60184.901736
837   60197.481528
186   60207.172801
4001   60238.825266
3651   60243.411030
2250   60243.742581
1867   60247.318079
4009   60252.246262
249   60272.028449
259   60280.179016
2194   60281.792407
3446   60288.314919
3170   60311.518102
3749   60319.057581
549   60320.278727
2212   60324.418576
1740   60326.914016
1740   60326.914016
1972   60331.293299
1972   60331.293299
3597   60344.911169
652   60357.990984
652   60357.990984
206   60362.823738
206   60362.823738
3170   60311.518102
3749   60319.057581
2212   60324.418576
3597   60344.911169
1297   60387.933947
2387   60398.058171
561   60400.445683
3311   60407.364340
2321   60410.210405
345   60411.151933
2383   60414.696574
222   60417.993414
